{
	"n_cities": 15,
	"distance_matrix": [
		[  0,  23,  16,  14,  20,  17,   3,  23,   4,  11,  25,  10,  19,  21,  24],
		[ 23,   0,  15,  16,   3,  10,  20,   9,  20,  14,   8,  14,  12,  10,   4],
		[ 16,  15,   0,   2,  12,   5,  15,  22,  16,   6,  11,  15,   4,  21,  18],
		[ 14,  16,   2,   0,  13,   6,  13,  21,  14,   4,  13,  13,   6,  21,  18],
		[ 20,   3,  12,  13,   0,   7,  17,  10,  17,  11,   8,  12,   9,  10,   6],
		[ 17,  10,   5,   6,   7,   0,  15,  17,  15,   6,   8,  12,   3,  16,  13],
		[  3,  20,  15,  13,  17,  15,   0,  20,   1,   9,  22,   7,  17,  18,  20],
		[ 23,   9,  22,  21,  10,  17,  20,   0,  20,  19,  17,  13,  19,   2,   5],
		[  4,  20,  16,  14,  17,  15,   1,  20,   0,  10,  23,   6,  18,  18,  20],
		[ 11,  14,   6,   4,  11,   6,   9,  19,  10,   0,  14,   9,   8,  17,  16],
		[ 25,   8,  11,  13,   8,   8,  22,  17,  23,  14,   0,  19,   7,  18,  12],
		[ 10,  14,  15,  13,  12,  12,   7,  13,   6,   9,  19,   0,  15,  12,  14],
		[ 19,  12,   4,   6,   9,   3,  17,  19,  18,   8,   7,  15,   0,  19,  15],
		[ 21,  10,  21,  21,  10,  16,  18,   2,  18,  17,  18,  12,  19,   0,   6],
		[ 24,   4,  18,  18,   6,  13,  20,   5,  20,  16,  12,  14,  15,   6,   0]
	]
}
