{
	"n_cities": 20,
	"distance_matrix": [
		[  0,  11,  37,  58,  13,  45,  26,  44,  10,  41,   5,  20,  35,  49,  49,  18,  12,  37,  44,  51],
		[ 11,   0,  48,  63,  15,  54,  34,  34,  20,  33,   8,  12,  34,  46,  43,  22,   5,  27,  52,  40],
		[ 37,  48,   0,  62,  44,  38,  24,  81,  28,  76,  40,  53,  62,  76,  82,  44,  49,  71,  41,  86],
		[ 58,  63,  62,   0,  48,  26,  74,  77,  60,  60,  62,  75,  38,  43,  59,  41,  59,  88,  21,  96],
		[ 13,  15,  44,  48,   0,  41,  38,  39,  21,  31,  16,  27,  22,  36,  38,   7,  11,  41,  38,  52],
		[ 45,  54,  38,  26,  41,   0,  54,  79,  44,  66,  50,  65,  44,  55,  68,  35,  52,  81,   5,  93],
		[ 26,  34,  24,  74,  38,  54,   0,  67,  17,  67,  26,  34,  60,  74,  75,  42,  37,  51,  55,  67],
		[ 44,  34,  81,  77,  39,  79,  67,   0,  54,  17,  42,  35,  39,  39,  25,  44,  32,  28,  75,  23],
		[ 10,  20,  28,  60,  21,  44,  17,  54,   0,  51,  12,  26,  43,  57,  59,  25,  22,  44,  44,  58],
		[ 41,  33,  76,  60,  31,  66,  67,  17,  51,   0,  41,  39,  23,  22,  10,  33,  29,  40,  61,  40],
		[  5,   8,  40,  62,  16,  50,  26,  42,  12,  41,   0,  15,  38,  51,  50,  22,  11,  33,  49,  47],
		[ 20,  12,  53,  75,  27,  65,  34,  35,  26,  39,  15,   0,  45,  55,  49,  34,  16,  18,  63,  33],
		[ 35,  34,  62,  38,  22,  44,  60,  39,  43,  23,  38,  45,   0,  14,  24,  19,  29,  54,  39,  59],
		[ 49,  46,  76,  43,  36,  55,  74,  39,  57,  22,  51,  55,  14,   0,  17,  33,  40,  60,  50,  62],
		[ 49,  43,  82,  59,  38,  68,  75,  25,  59,  10,  50,  49,  24,  17,   0,  39,  38,  49,  63,  48],
		[ 18,  22,  44,  41,   7,  35,  42,  44,  25,  33,  22,  34,  19,  33,  39,   0,  18,  48,  32,  58],
		[ 12,   5,  49,  59,  11,  52,  37,  32,  22,  29,  11,  16,  29,  40,  38,  18,   0,  30,  50,  41],
		[ 37,  27,  71,  88,  41,  81,  51,  28,  44,  40,  33,  18,  54,  60,  49,  48,  30,   0,  79,  16],
		[ 44,  52,  41,  21,  38,   5,  55,  75,  44,  61,  49,  63,  39,  50,  63,  32,  50,  79,   0,  90],
		[ 51,  40,  86,  96,  52,  93,  67,  23,  58,  40,  47,  33,  59,  62,  48,  58,  41,  16,  90,   0]
	]
}
