{
	"n_cities": 30,
	"distance_matrix": [
		[  0,  48,  80,  44,  82,  99,  78,  82,  50,  64,  63,  65,  26,  99,  78,  66,  52,  86,  39,  79,  77,  87,  13,  95,  97, 106,  62, 113,  65,  82],
		[ 48,   0,  51,  48,  35,  65,  30,  50,  76,  66,  61,  75,  32,  74,  31,  54,   6,  52,  47,  40,  42,  76,  38,  68,  74,  71,  74,  87,  63,  76],
		[ 80,  51,   0,  45,  62,  19,  53,   5,  74,  45,  39,  58,  54,  23,  41,  26,  46,   9,  48,  18,  11,  34,  67,  17,  24,  27,  59,  36,  38,  40],
		[ 44,  48,  45,   0,  79,  64,  71,  49,  32,  21,  19,  28,  22,  58,  64,  24,  48,  53,   4,  52,  47,  44,  32,  56,  56,  72,  27,  72,  22,  39],
		[ 82,  35,  62,  79,   0,  67,   9,  59, 110,  94,  88, 105,  67,  84,  22,  77,  33,  58,  79,  45,  51,  95,  73,  76,  85,  69, 105,  94,  89,  98],
		[ 99,  65,  19,  64,  67,   0,  59,  17,  92,  62,  56,  74,  73,  21,  46,  43,  60,  14,  68,  25,  23,  43,  85,  14,  24,   8,  75,  27,  55,  52],
		[ 78,  30,  53,  71,   9,  59,   0,  50, 102,  85,  79,  97,  60,  75,  13,  68,  26,  49,  72,  36,  42,  85,  68,  67,  76,  61,  96,  85,  80,  89],
		[ 82,  50,   5,  49,  59,  17,  50,   0,  79,  50,  44,  63,  56,  25,  37,  30,  45,   4,  52,  14,   9,  38,  69,  18,  26,  24,  64,  37,  43,  45],
		[ 50,  76,  74,  32, 110,  92, 102,  79,   0,  33,  37,  24,  45,  81,  96,  49,  77,  83,  31,  84,  78,  60,  46,  82,  79, 100,  21,  94,  39,  51],
		[ 64,  66,  45,  21,  94,  62,  85,  50,  33,   0,   6,  13,  44,  49,  76,  20,  65,  54,  25,  58,  52,  28,  53,  50,  46,  70,  14,  61,   7,  20],
		[ 63,  61,  39,  19,  88,  56,  79,  44,  37,   6,   0,  19,  41,  45,  70,  13,  59,  48,  23,  52,  45,  26,  51,  45,  42,  64,  20,  57,   3,  19],
		[ 65,  75,  58,  28, 105,  74,  97,  63,  24,  13,  19,   0,  49,  60,  88,  32,  75,  67,  30,  71,  64,  37,  56,  62,  57,  82,   3,  71,  20,  28],
		[ 26,  32,  54,  22,  67,  73,  60,  56,  45,  44,  41,  49,   0,  72,  57,  41,  34,  59,  19,  53,  51,  63,  13,  69,  71,  80,  47,  87,  43,  60],
		[ 99,  74,  23,  58,  84,  21,  75,  25,  81,  49,  45,  60,  72,   0,  62,  35,  69,  26,  62,  39,  34,  24,  85,   8,   3,  26,  62,  14,  42,  34],
		[ 78,  31,  41,  64,  22,  46,  13,  37,  96,  76,  70,  88,  57,  62,   0,  58,  26,  36,  65,  23,  30,  73,  67,  54,  63,  48,  88,  72,  70,  78],
		[ 66,  54,  26,  24,  77,  43,  68,  30,  49,  20,  13,  32,  41,  35,  58,   0,  51,  35,  28,  39,  32,  23,  53,  33,  32,  51,  33,  48,  13,  22],
		[ 52,   6,  46,  48,  33,  60,  26,  45,  77,  65,  59,  75,  34,  69,  26,  51,   0,  47,  47,  35,  37,  72,  41,  63,  69,  65,  74,  82,  61,  73],
		[ 86,  52,   9,  53,  58,  14,  49,   4,  83,  54,  48,  67,  59,  26,  36,  35,  47,   0,  56,  13,  10,  41,  72,  18,  27,  21,  68,  37,  47,  48],
		[ 39,  47,  48,   4,  79,  68,  72,  52,  31,  25,  23,  30,  19,  62,  65,  28,  47,  56,   0,  54,  49,  48,  28,  60,  60,  76,  29,  76,  26,  43],
		[ 79,  40,  18,  52,  45,  25,  36,  14,  84,  58,  52,  71,  53,  39,  23,  39,  35,  13,  54,   0,   7,  51,  66,  31,  40,  30,  71,  50,  52,  57],
		[ 77,  42,  11,  47,  51,  23,  42,   9,  78,  52,  45,  64,  51,  34,  30,  32,  37,  10,  49,   7,   0,  44,  63,  26,  34,  30,  65,  46,  45,  49],
		[ 87,  76,  34,  44,  95,  43,  85,  38,  60,  28,  26,  37,  63,  24,  73,  23,  72,  41,  48,  51,  44,   0,  75,  29,  21,  49,  40,  34,  23,  10],
		[ 13,  38,  67,  32,  73,  85,  68,  69,  46,  53,  51,  56,  13,  85,  67,  53,  41,  72,  28,  66,  63,  75,   0,  82,  84,  93,  54, 100,  54,  71],
		[ 95,  68,  17,  56,  76,  14,  67,  18,  82,  50,  45,  62,  69,   8,  54,  33,  63,  18,  60,  31,  26,  29,  82,   0,  10,  21,  64,  20,  43,  38],
		[ 97,  74,  24,  56,  85,  24,  76,  26,  79,  46,  42,  57,  71,   3,  63,  32,  69,  27,  60,  40,  34,  21,  84,  10,   0,  29,  59,  16,  39,  31],
		[106,  71,  27,  72,  69,   8,  61,  24, 100,  70,  64,  82,  80,  26,  48,  51,  65,  21,  76,  30,  30,  49,  93,  21,  29,   0,  83,  28,  62,  59],
		[ 62,  74,  59,  27, 105,  75,  96,  64,  21,  14,  20,   3,  47,  62,  88,  33,  74,  68,  29,  71,  65,  40,  54,  64,  59,  83,   0,  73,  21,  30],
		[113,  87,  36,  72,  94,  27,  85,  37,  94,  61,  57,  71,  87,  14,  72,  48,  82,  37,  76,  50,  46,  34, 100,  20,  16,  28,  73,   0,  55,  44],
		[ 65,  63,  38,  22,  89,  55,  80,  43,  39,   7,   3,  20,  43,  42,  70,  13,  61,  47,  26,  52,  45,  23,  54,  43,  39,  62,  21,  55,   0,  17],
		[ 82,  76,  40,  39,  98,  52,  89,  45,  51,  20,  19,  28,  60,  34,  78,  22,  73,  48,  43,  57,  49,  10,  71,  38,  31,  59,  30,  44,  17,   0]
	]
}
