{
	"n_cities": 10,
	"distance_matrix": [
		[  0,  19,  20,   5,  15,  20,  13,   5,  12,  10],
		[ 19,   0,   3,  18,  26,  23,  22,  23,  26,  16],
		[ 20,   3,   0,  19,  26,  21,  21,  24,  25,  18],
		[  5,  18,  19,   0,  20,  24,  17,  10,  17,   5],
		[ 15,  26,  26,  20,   0,  10,   5,  11,   3,  25],
		[ 20,  23,  21,  24,  10,   0,   8,  19,  12,  27],
		[ 13,  22,  21,  17,   5,   8,   0,  11,   5,  22],
		[  5,  23,  24,  10,  11,  19,  11,   0,   9,  15],
		[ 12,  26,  25,  17,   3,  12,   5,   9,   0,  22],
		[ 10,  16,  18,   5,  25,  27,  22,  15,  22,   0]
	]
}
