{
	"n_cities": 15,
	"distance_matrix": [
		[  0,  72,  53,  22,  61,  43,  55,  16,  86,  59,  68,  32,  33,  86,  44],
		[ 72,   0,  19,  59,  56,  29,  63,  61,  14,  33,  37,  54,  60,  37,  32],
		[ 53,  19,   0,  43,  51,  12,  55,  43,  33,  30,  38,  40,  46,  47,  14],
		[ 22,  59,  43,   0,  39,  31,  33,   6,  73,  39,  47,   9,  11,  65,  39],
		[ 61,  56,  51,  39,   0,  43,  11,  45,  67,  23,  22,  30,  29,  38,  58],
		[ 43,  29,  12,  31,  43,   0,  46,  32,  43,  25,  35,  28,  35,  48,  15],
		[ 55,  63,  55,  33,  11,  46,   0,  39,  75,  31,  32,  25,  22,  49,  60],
		[ 16,  61,  43,   6,  45,  32,  39,   0,  75,  44,  52,  15,  17,  70,  38],
		[ 86,  14,  33,  73,  67,  43,  75,  75,   0,  44,  47,  68,  74,  41,  44],
		[ 59,  33,  30,  39,  23,  25,  31,  44,  44,   0,  10,  31,  35,  27,  40],
		[ 68,  37,  38,  47,  22,  35,  32,  52,  47,  10,   0,  38,  41,  19,  49],
		[ 32,  54,  40,   9,  30,  28,  25,  15,  68,  31,  38,   0,   6,  57,  40],
		[ 33,  60,  46,  11,  29,  35,  22,  17,  74,  35,  41,   6,   0,  60,  46],
		[ 86,  37,  47,  65,  38,  48,  49,  70,  41,  27,  19,  57,  60,   0,  60],
		[ 44,  32,  14,  39,  58,  15,  60,  38,  44,  40,  49,  40,  46,  60,   0]
	]
}
