{
	"n_cities": 25,
	"distance_matrix": [
		[  0,  59,  14,  80,  36,  93,  41,  91,  63,  50,  37,  65,  20,  28,  30,  56,  37,  62,  63,  30,  32,  35,  74,   6,  82],
		[ 59,   0,  72, 101,  28,  84,  78,  91,  60,  15,  90,  72,  71,  71,  70,   9,  53,  88,  42,  52,  30,  87, 104,  65,  99],
		[ 14,  72,   0,  85,  48, 104,  46, 101,  75,  64,  33,  75,  22,  33,  36,  69,  48,  68,  76,  42,  46,  23,  78,  11,  89],
		[ 80, 101,  85,   0,  99,  46,  40,  33,  43,  86,  61,  30,  63,  52,  50, 105,  51,  18,  64,  55,  78, 106,  15,  77,   7],
		[ 36,  28,  48,  99,   0,  95,  68,  99,  66,  28,  71,  75,  53,  57,  57,  22,  48,  83,  55,  44,  22,  60,  98,  42,  99],
		[ 93,  84, 104,  46,  95,   0,  67,  14,  30,  72,  91,  30,  84,  74,  71,  91,  56,  51,  42,  62,  74, 127,  59,  93,  39],
		[ 41,  78,  46,  40,  68,  67,   0,  60,  43,  65,  25,  37,  23,  13,  11,  80,  26,  22,  57,  26,  50,  67,  33,  37,  44],
		[ 91,  91, 101,  33,  99,  14,  60,   0,  32,  78,  84,  26,  80,  69,  66,  98,  55,  41,  49,  61,  77, 124,  47,  91,  26],
		[ 63,  60,  75,  43,  66,  30,  43,  32,   0,  46,  67,  13,  56,  47,  45,  66,  26,  37,  21,  33,  45,  97,  51,  64,  40],
		[ 50,  15,  64,  86,  28,  72,  65,  78,  46,   0,  77,  58,  59,  58,  57,  20,  39,  73,  30,  38,  18,  82,  89,  55,  84],
		[ 37,  90,  33,  61,  71,  91,  25,  84,  67,  77,   0,  61,  19,  21,  23,  89,  45,  45,  77,  42,  60,  49,  50,  31,  66],
		[ 65,  72,  75,  30,  75,  30,  37,  26,  13,  58,  61,   0,  55,  44,  41,  78,  29,  25,  34,  35,  53,  98,  38,  65,  27],
		[ 20,  71,  22,  63,  53,  84,  23,  80,  56,  59,  19,  55,   0,  11,  14,  70,  31,  45,  63,  26,  42,  44,  56,  15,  67],
		[ 28,  71,  33,  52,  57,  74,  13,  69,  47,  58,  21,  44,  11,   0,   3,  71,  24,  35,  56,  21,  41,  55,  46,  25,  56],
		[ 30,  70,  36,  50,  57,  71,  11,  66,  45,  57,  23,  41,  14,   3,   0,  71,  22,  32,  54,  19,  41,  58,  44,  27,  53],
		[ 56,   9,  69, 105,  22,  91,  80,  98,  66,  20,  89,  78,  70,  71,  71,   0,  56,  92,  49,  54,  30,  82, 107,  62, 104],
		[ 37,  53,  48,  51,  48,  56,  26,  55,  26,  39,  45,  29,  31,  24,  22,  56,   0,  35,  32,   6,  27,  71,  51,  38,  51],
		[ 62,  88,  68,  18,  83,  51,  22,  41,  37,  73,  45,  25,  45,  35,  32,  92,  35,   0,  56,  39,  63,  89,  16,  59,  22],
		[ 63,  42,  76,  64,  55,  42,  57,  49,  21,  30,  77,  34,  63,  56,  54,  49,  32,  56,   0,  36,  35,  98,  71,  66,  61],
		[ 30,  52,  42,  55,  44,  62,  26,  61,  33,  38,  42,  35,  26,  21,  19,  54,   6,  39,  36,   0,  24,  65,  54,  31,  56],
		[ 32,  30,  46,  78,  22,  74,  50,  77,  45,  18,  60,  53,  42,  41,  41,  30,  27,  63,  35,  24,   0,  65,  78,  37,  78],
		[ 35,  87,  23, 106,  60, 127,  67, 124,  97,  82,  49,  98,  44,  55,  58,  82,  71,  89,  98,  65,  65,   0,  97,  33, 111],
		[ 74, 104,  78,  15,  98,  59,  33,  47,  51,  89,  50,  38,  56,  46,  44, 107,  51,  16,  71,  54,  78,  97,   0,  70,  22],
		[  6,  65,  11,  77,  42,  93,  37,  91,  64,  55,  31,  65,  15,  25,  27,  62,  38,  59,  66,  31,  37,  33,  70,   0,  80],
		[ 82,  99,  89,   7,  99,  39,  44,  26,  40,  84,  66,  27,  67,  56,  53, 104,  51,  22,  61,  56,  78, 111,  22,  80,   0]
	]
}
