{
	"n_cities": 10,
	"distance_matrix": [
		[  0,  35,  26,  32,  58,  47,  43,  30,   8,  31],
		[ 35,   0,  59,  65,  92,  76,  28,  34,  30,  47],
		[ 26,  59,   0,   6,  35,  23,  58,  40,  33,  30],
		[ 32,  65,   6,   0,  30,  20,  64,  45,  39,  34],
		[ 58,  92,  35,  30,   0,  36,  93,  75,  63,  63],
		[ 47,  76,  23,  20,  36,   0,  67,  48,  54,  34],
		[ 43,  28,  58,  64,  93,  67,   0,  19,  44,  33],
		[ 30,  34,  40,  45,  75,  48,  19,   0,  34,  15],
		[  8,  30,  33,  39,  63,  54,  44,  34,   0,  37],
		[ 31,  47,  30,  34,  63,  34,  33,  15,  37,   0]
	]
}
